3383883752028
201712000000
8445290000842
7613036217316
3346650215201
3660681064875
3660681065735
3660681064905
3523680244863
206454000003
3560071562397
3383883752011
2278693000005
3266980025755
3662072150228
7854002
3701384530202
3383883701064
3346650223503
3368954250009
6931604349094
7613038317922
3564709041070
3304020007641
7613033112867
200107000000
3660681064882
3660681065001
3701335101673
6942269530307
13660681064957
3760191051379
3461820010018
206826000006
20356909
4056489195207
15413458063084
3041091511805
3608393669889
3394610006727
3660681064585
3660681064790
13660681064766
3564700841112
3346650201723
3266980239886
8445290736710
5056281401345
3383883700029
3660681065018
3041091477668
3263380202298
3204702
3760189059011
20279684
6110100121
8434077826294
3041091725943
3041091863935
3041091897497
3660681064578
6925912129691
3560071222697
3346650201174
3661267085741
3346650401352
3610141525361
19072006
3258563461302
5055071785467
3326100000557
3770004365081
3041091725950
4058075433465
3383883753001
3041091461261
3256228120441
3700066101624
630148868677
216543000000
3770004365043
3256227744754
2006050175086
3346650201112
3760168348143
3368956412351
8445290108593
8445290098580
3394610000251
3760371736102
3660681065742
3660681065025
8002114019833
8002114019833
3770004365050
200030584314
3250391456031
3245390021212
3440432022251
3551102095571
3660681064691
3346650201112
3770004365012
3041091477170
3551102095564
3760262842042
3383883707004
3760371736010
3760412860377
3700476021666
50415224
3041091439994
3338025779272
3760262841298
200220000000
3041091482020
8445290629685
3760371736157
3660681064844
3660681065698
3660681064998
3256220031134
3288131580319
8445291421127
8445291843035
201412000000
3701335101680
8445291421356
3041091470966
3383883704003
3263380008883
3700389423595
4058075433441
3041091461292
7311070017380
3770024881776
206061000000
3350033500365
15413458017575
7613032405687
3608393758781
3041091925817
3770026529294
2865748000000
15413458061400
6194029100323
3770004365098
3041091477163
3760167643447
3760042850366
3383883753018
4068262055479
3041091439987
3660681064622
201081000000
7613038317922
2865793000000
3346650275359
3560071497057
3256221116045
3660681065759
20294922
3346650223510
209296000000
3338025703642
200000000000
200030600311
15413458063510
5055071785474
3770029678395
2660552000000
206604000006
2865749000000
3256224622567
3356650005184
4800631681311
5056281401338
8053735018170
7613036518819
3041091897503
3041091461254
3288131590318
3041092054097
5055071785450
3760371735990
3660681064936
3660681064714
8445291809857
3701335101666
3660681064738
3254566501588
17296411162988776
3385990020502
2600105000000
3258561470528
8715226940765
102425008
3276558185606
3254568649813
7426836789194
3596710275816
3394610006369
2865787000000
3660681064615
3660681064752
3254560354197
7622300689124
3276555770003
3666311028187
2914474000009
3250393453540
3660681065704
3250390801399
20428647
3760061840102
3770004365036
3760099533007
3760099537371
3288131580517
3830074231140
3383883701088
7613287369543
8445290116543
3660681064745
3760371735921
3660681064868
3263385801762
3551101547897
8434077826287
2273698000005
15413458060182
3399150072423
3266980025724
3383883707011
3041091476883
15413458061424
7622202013102
3439496303369
3346650275038
3481130002183
3660681064721
3770024881578
3666549145212
1000039891401
3770004365067
3385533625584
3660496202011
3383883751014
5055071785481
3660681064851
3660681064981
3660681064912
3240650103080
3760371736584
3660681064639
13660681064964
15413458063077
3250393439834
6941848277442
3250392450403
3383883706021
4335619283527
3383883752004
3660681064899
3383883701071
8445290000811
3660681064929
3256228120458
3017760756297
3551101547705
3041091725929
3497800001820
207604000000
3760435280114
8422971870345
3770004365029
5400141357417
3256226760922
3551101545343
3250391341924
8445290695048
104220131475
3564700568781
3770026529263
3770004365074
3041091477651
8445291179585
3551101545350
7622202014680
3700912303608
3394610006727
3346650201174
2865789000000
13660681065763
3660681064776
3660681064783
3660681064592
3289664183404
4068262005870